PSNR: 21.7182281114
SSIM: 0.6421423818
LPIPS: 0.1989606162
FID: 84.7161802206
LFD: 14.3994870282
