PSNR: 20.0560954238
SSIM: 0.5682001067
LPIPS: 0.2369456975
FID: 97.6870554620
LFD: 14.7822070356
