PSNR: 14.7766212379
SSIM: 0.3148377562
LPIPS: 0.3069744506
FID: 180.5310481487
LFD: 15.9978505918
PSNR: 17.0569123823
SSIM: 0.3794494431
LPIPS: 0.3493647871
FID: 194.1281001043
LFD: 15.4727943071
